Valor Original | Valor * 2 | Valor * 10
----------------------------------------
75             | 150       | 750       
69             | 138       | 690       
20             | 40        | 200       
88             | 176       | 880       
60             | 120       | 600       
87             | 174       | 870       
64             | 128       | 640       
78             | 156       | 780       
46             | 92        | 460       
95             | 190       | 950       
19             | 38        | 190       
63             | 126       | 630       
33             | 66        | 330       
45             | 90        | 450       
79             | 158       | 790       
61             | 122       | 610       
66             | 132       | 660       
100            | 200       | 1000      
57             | 114       | 570       
79             | 158       | 790       
